1000 5041
1 52 2975
1 124 2145
1 157 4541
1 345 1508
1 381 473
1 588 130
1 654 2661
1 701 2218
1 776 2486
1 796 188
1 837 969
1 901 3591
1 989 317
2 100 39
2 104 3347
2 337 3850
2 390 4588
2 503 3982
2 647 3415
2 732 886
2 940 436
3 128 3553
3 434 4181
3 616 776
3 822 502
3 940 2287
3 958 821
3 965 498
4 76 2111
4 225 4608
4 235 3803
4 255 1454
4 326 2045
4 617 1947
4 751 2316
4 889 4477
4 897 3739
4 929 1727
5 17 2563
5 60 2191
5 113 866
5 309 1115
5 363 2184
5 469 3271
5 545 986
5 717 3785
5 748 2049
5 916 1314
5 934 4677
5 967 107
6 37 1820
6 315 4481
6 376 326
6 411 3064
6 459 22
6 524 157
6 743 1989
6 869 3559
7 28 2751
7 47 1245
7 116 3960
7 187 4049
7 228 1403
7 292 4534
7 897 4565
8 63 129
8 153 711
8 329 2525
8 421 3758
8 493 4733
8 768 2567
8 888 4585
9 137 887
9 240 4296
9 250 4370
9 252 2013
9 370 880
9 427 3113
9 452 2215
9 544 969
9 574 2591
9 707 1104
9 789 2478
9 925 857
10 49 2563
10 92 3462
10 102 3072
10 233 817
10 497 2144
10 512 3854
10 597 3193
10 817 3093
10 879 2578
10 886 180
10 895 1537
11 84 4822
11 141 200
11 200 3840
11 228 702
11 252 610
11 350 4493
11 386 3216
11 411 246
11 419 806
11 450 844
11 476 4617
11 495 3838
11 637 389
11 702 2636
11 707 4854
11 794 776
11 984 4557
12 104 479
12 112 4607
12 211 362
12 379 4731
12 463 2102
12 533 2710
12 712 2919
12 747 1196
12 804 2743
13 86 3795
13 125 3971
13 204 4081
13 230 1322
13 259 4270
13 431 2446
13 471 4886
13 574 4899
13 954 3282
14 317 3334
14 353 1907
14 609 4363
14 703 4612
14 719 2530
14 758 3517
14 926 3018
15 51 1243
15 82 3123
15 216 2291
15 451 4493
15 601 1677
15 636 1703
15 675 3299
15 782 4348
15 836 4634
15 843 2511
15 951 2242
15 984 3821
16 54 4241
16 145 2963
16 177 3342
16 178 1950
16 190 1099
16 272 1863
16 299 571
16 375 4894
16 410 4560
16 455 2344
16 517 1981
16 684 226
16 721 2628
16 915 420
17 33 1800
17 70 3994
17 141 4881
17 242 3239
17 296 3126
17 297 4918
17 377 3246
17 396 3884
17 545 2290
17 703 2987
17 711 2468
17 857 1688
18 66 2342
18 79 4851
18 129 989
18 130 2893
18 203 3585
18 298 309
18 319 113
18 358 670
18 407 2145
18 491 266
18 786 2647
19 246 3390
19 331 1019
19 347 1665
19 468 2009
19 520 1987
19 634 922
19 646 2676
19 733 2842
19 743 4487
19 802 3964
20 60 1644
20 123 3987
20 187 4096
20 295 1137
20 431 1532
20 535 3610
20 844 1910
20 930 4447
20 936 2081
21 272 3556
21 295 2989
21 356 170
21 377 4998
21 433 2009
21 681 2647
21 718 1650
21 730 4666
21 947 33
22 104 2348
22 149 432
22 261 344
22 288 443
22 315 3864
22 400 787
22 438 2634
22 555 1673
22 567 2984
22 577 2910
22 747 1606
22 854 4097
23 178 1938
23 210 1252
23 212 3646
23 353 3637
23 440 2588
23 568 3767
23 905 1626
24 84 553
24 106 394
24 114 3816
24 141 1591
24 299 1710
24 461 3849
24 575 3409
24 621 4994
24 710 1520
24 777 686
24 911 1926
24 924 564
25 191 4765
25 239 4083
25 240 308
25 334 553
25 362 1764
25 404 2799
25 635 2442
25 696 4782
25 710 2118
25 767 838
26 94 2894
26 161 4024
26 210 2352
26 336 2649
26 390 527
26 572 625
26 646 2822
26 804 2254
26 959 3474
27 196 2474
27 313 3541
27 315 3296
27 455 3430
27 478 1794
27 481 3033
27 568 4408
27 728 586
27 765 213
28 126 729
28 159 3510
28 213 4979
28 218 2431
28 274 750
28 283 1284
28 364 4130
28 690 3734
28 716 4887
28 760 1268
28 855 1177
28 863 4853
28 911 4113
29 331 2361
29 359 786
29 569 1394
29 714 1442
29 755 3950
29 948 1515
29 960 270
30 40 3690
30 70 1513
30 115 3914
30 257 2233
30 272 2630
30 282 138
30 298 950
30 476 2865
30 752 4476
30 825 4584
31 58 3073
31 61 427
31 129 1509
31 153 339
31 172 861
31 353 4799
31 526 3403
31 843 503
31 853 3137
31 925 2638
31 929 4614
31 996 2008
32 329 852
32 334 2127
32 370 2348
32 633 1863
32 699 307
33 156 4793
33 189 1698
33 242 61
33 389 1061
33 447 3081
33 465 794
33 503 45
33 533 650
33 671 2728
33 694 1698
33 718 4670
33 756 136
33 762 1022
34 72 868
34 200 1148
34 264 2252
34 279 2302
34 373 535
34 375 2125
34 396 210
34 501 1866
34 597 707
34 721 3803
34 774 4992
34 936 492
35 235 4368
35 534 2347
35 579 308
35 637 207
35 758 3748
35 818 4014
35 945 4280
35 991 436
36 163 3298
36 228 4581
36 376 2351
36 420 534
36 610 81
36 740 4776
36 743 2186
36 909 56
36 924 3086
36 956 1103
36 996 842
37 86 2091
37 132 2246
37 350 1144
37 455 1404
37 632 2214
37 646 1710
37 755 3225
37 946 1851
38 163 204
38 331 2761
38 388 1663
38 402 1266
38 453 1688
38 634 4098
38 877 4628
38 896 1934
38 902 422
38 1000 1051
39 102 4294
39 157 4218
39 207 3636
39 488 3050
39 504 2847
39 509 1658
39 513 463
39 582 169
39 632 269
39 740 3212
39 781 1851
39 882 2735
40 58 26
40 230 4853
40 311 792
40 365 4044
40 368 4095
40 464 3219
40 584 2487
40 628 851
40 677 4430
40 983 3030
41 55 4545
41 181 1769
41 457 1965
41 552 1921
41 610 1853
41 680 553
41 746 4835
41 837 3164
42 180 3744
42 289 1922
42 379 3516
42 573 780
42 857 4672
42 907 2476
43 288 3293
43 305 2568
43 394 2157
43 440 157
43 571 1416
43 708 1741
43 977 4083
44 69 2603
44 214 3766
44 370 2710
44 489 3121
44 850 4807
45 244 3513
45 329 4320
45 414 355
45 522 1122
45 786 688
45 812 2660
45 893 125
46 80 3481
46 158 3974
46 233 623
46 477 2114
46 523 997
46 530 3041
46 645 2568
46 652 3912
46 674 387
46 739 1345
46 836 2995
46 946 1790
46 951 1120
46 985 1624
47 137 2654
47 149 4429
47 271 2961
47 297 622
47 309 247
47 351 1137
47 352 518
47 389 4335
47 445 1783
47 579 1525
47 680 3610
47 808 965
47 821 1943
47 886 1783
47 911 1258
47 972 941
48 300 921
48 395 574
48 545 3766
48 757 715
48 940 1309
48 976 2136
49 126 2799
49 133 303
49 353 1352
49 432 2272
49 723 2138
49 888 280
50 243 1901
50 318 4824
50 382 1993
50 530 2483
50 606 3651
50 774 1200
50 816 3391
50 873 2603
51 172 1447
51 226 389
51 428 4377
51 610 2492
51 865 289
51 882 2711
51 883 1363
51 923 3686
52 113 2865
52 209 139
52 248 2808
52 350 2053
52 422 3433
52 429 1779
52 446 394
52 514 115
52 612 3147
52 959 1526
53 89 3896
53 204 4515
53 284 4474
53 372 2395
53 384 3328
53 568 3259
53 657 535
53 958 104
53 979 4223
54 124 3720
54 212 813
54 391 3340
54 476 2264
54 512 885
54 553 1141
54 836 4197
54 877 3025
54 930 2673
54 938 334
55 120 3258
55 157 4808
55 249 1405
55 275 2697
55 661 1124
55 680 2168
56 128 3250
56 225 4143
56 254 4640
56 264 4854
56 421 1749
56 449 2761
56 476 1095
56 492 228
56 559 2203
56 613 2817
56 644 2469
56 829 2744
56 902 2634
56 915 306
56 974 1281
57 397 70
57 467 1509
57 474 4715
57 549 83
57 617 1532
57 689 1791
57 731 3502
57 864 4983
57 931 3377
58 60 777
58 190 2465
58 248 3351
58 412 210
58 442 3071
58 481 2053
58 675 512
58 863 3481
58 925 177
58 945 4349
59 198 292
59 308 1846
59 565 4022
59 747 1899
60 275 3132
60 528 3199
60 564 3944
60 658 502
60 679 3700
60 753 4604
60 758 1734
60 796 2049
61 116 1871
61 307 590
61 375 936
61 404 1869
61 468 3992
61 480 1420
61 550 741
61 655 2093
61 782 1746
61 919 3900
61 965 2730
62 311 169
62 572 3286
62 830 1580
62 939 3718
63 161 2846
63 196 297
63 232 3132
63 277 2886
63 291 3565
63 392 990
63 457 3537
63 499 2671
63 615 3441
63 680 3938
63 839 3570
63 896 2325
64 102 2888
64 105 579
64 265 1615
64 418 1348
64 560 2852
64 593 3467
64 687 40
64 703 4705
64 728 3422
64 729 3958
64 759 3063
64 781 3895
64 788 950
65 88 4020
65 125 4771
65 182 1387
65 263 1531
65 394 4
65 451 305
65 525 2611
65 746 432
65 782 672
65 876 237
65 900 4827
65 926 36
65 973 137
66 198 3160
66 280 4151
66 442 128
66 447 4620
66 536 3230
66 666 2703
66 680 2021
66 996 2950
67 104 2126
67 217 3455
67 233 4312
67 320 4209
67 740 3392
67 907 4721
68 75 1547
68 95 442
68 126 2171
68 263 2480
68 382 1851
68 445 4822
68 562 4415
68 625 4251
68 711 2767
68 883 1141
68 998 2669
69 107 4661
69 132 3301
69 367 4502
69 491 4040
69 581 4488
69 858 3324
69 978 1564
69 988 2592
70 287 4154
70 633 4484
70 751 4202
70 780 476
70 806 13
70 819 3414
70 840 3670
70 847 1069
71 216 3776
71 465 1115
71 474 4391
71 499 3788
71 629 1472
71 755 4456
72 74 433
72 164 3516
72 240 4560
72 250 3739
72 286 19
72 440 539
72 498 405
72 568 4447
72 580 3305
72 614 3784
72 661 1497
72 760 3702
72 836 1550
72 840 2992
72 846 2783
72 855 271
72 956 128
72 965 3846
73 336 4018
73 506 2705
73 605 1976
73 686 2369
73 694 4397
73 717 2610
73 863 324
73 924 4693
73 929 2814
73 930 3439
73 953 2742
74 161 2362
74 343 2811
74 348 4983
74 471 2192
74 599 2890
74 611 4284
74 756 4926
74 852 4299
74 944 2529
74 961 102
75 89 3093
75 107 3139
75 152 779
75 255 1758
75 381 2279
75 422 4532
75 700 4503
75 724 1995
75 781 3248
75 816 2099
75 833 606
75 869 1402
75 928 3440
76 585 3014
76 679 4309
76 694 521
76 800 3951
77 185 1927
77 300 2020
77 367 4289
77 575 2436
77 929 3987
77 938 409
78 92 909
78 158 4250
78 311 1957
78 312 203
78 538 3649
78 615 4053
78 638 4402
78 744 2668
78 939 4584
78 985 4008
79 104 3184
79 319 2171
79 392 2077
79 444 269
79 461 477
79 528 778
79 824 76
79 964 3872
80 102 2937
80 141 1100
80 205 2391
80 263 1144
80 278 1554
80 314 4170
80 463 3322
80 503 3231
80 580 2299
80 692 2104
80 748 2065
80 752 36
81 128 260
81 130 4439
81 185 2381
81 260 1628
81 792 2314
82 327 4051
82 482 1415
82 645 2348
82 670 4163
82 736 3134
82 950 1918
82 952 3701
83 169 1997
83 203 800
83 287 360
83 344 1519
83 382 486
83 409 1012
83 485 2661
83 847 3107
83 902 1617
83 922 3896
83 973 761
84 281 1994
84 644 511
84 739 2618
84 801 3673
84 804 52
84 867 4660
85 280 3992
85 739 4047
85 774 4408
85 834 3477
85 841 4478
85 854 2488
85 879 2375
85 880 3652
85 918 813
86 143 4720
86 153 1417
86 284 1651
86 287 1932
86 350 4986
86 394 3215
86 414 2484
86 443 3996
86 597 605
86 695 2807
86 704 343
86 744 4005
86 902 2884
86 963 4438
87 169 1556
87 171 3882
87 277 3376
87 687 3607
87 780 559
87 820 572
87 864 1871
87 868 175
87 923 4960
88 172 290
88 223 4364
88 271 1300
88 368 501
88 460 676
88 594 2882
88 658 3466
88 795 550
88 830 4471
88 978 2788
89 176 4621
89 254 2085
89 298 2765
89 657 2410
89 684 4462
89 787 3438
89 800 1351
89 899 3055
90 156 714
90 307 695
90 309 4073
90 825 2488
90 912 434
90 920 2835
91 190 2166
91 206 4908
91 238 1154
91 255 4749
91 340 987
91 346 3579
91 425 1697
91 558 3560
91 623 1445
91 681 50
91 793 2293
91 864 4267
91 911 3827
92 316 846
92 393 4612
92 436 3535
92 520 1947
92 624 4397
92 949 1076
93 147 787
93 189 1468
93 360 3779
93 381 395
93 395 921
93 423 1104
93 584 826
93 625 712
93 889 365
94 185 390
94 240 2190
94 254 4349
94 444 2799
94 454 147
94 785 4416
94 830 2797
94 842 3530
94 898 467
95 199 4415
95 201 3597
95 262 4608
95 516 276
95 585 1328
95 635 2231
95 701 4462
95 713 4213
95 783 1756
95 806 3125
95 965 839
96 153 1814
96 228 749
96 312 4696
96 404 4683
96 489 3754
96 527 1446
96 577 803
96 748 2243
96 900 2273
96 902 4819
97 169 1874
97 208 3975
97 337 1423
97 657 1089
97 664 640
97 683 1126
97 741 2627
97 835 4744
98 188 3287
98 395 3217
98 498 1314
98 722 365
98 735 958
98 805 2119
98 870 2917
98 875 997
98 877 1545
98 899 1463
98 973 3558
98 981 3590
99 156 4204
99 398 4120
99 655 3161
99 695 929
99 743 482
99 824 3536
99 842 4689
99 881 4502
99 966 1707
100 167 1729
100 218 1479
100 284 2148
100 348 2239
100 521 2880
100 541 2381
100 584 2257
100 604 3951
100 663 585
100 792 4765
100 845 531
100 928 2076
100 945 3171
100 981 1254
101 125 2224
101 167 1231
101 230 594
101 246 1330
101 340 2586
101 343 4751
101 408 1705
101 497 4620
101 531 3328
101 554 2105
101 562 4455
101 600 3631
101 613 4389
101 820 557
101 859 3979
101 978 453
101 998 1137
102 287 1394
102 388 3117
102 392 3724
102 435 41
102 580 2089
102 988 2154
103 132 2827
103 143 193
103 234 1691
103 376 23
103 630 3598
103 892 2420
103 962 4228
103 966 649
104 133 99
104 276 1805
104 412 1620
104 436 63
104 464 3788
104 505 2567
104 599 4146
104 662 3259
105 148 3735
105 235 851
105 260 200
105 283 530
105 392 4375
105 404 3614
105 505 1285
105 704 356
105 707 2396
105 717 601
105 732 1471
105 791 2487
105 795 3068
105 812 2093
105 898 45
105 958 3773
105 995 1304
106 500 4161
106 592 4526
106 595 3733
106 617 2765
106 910 1434
107 116 58
107 428 3214
107 526 2187
107 537 4790
107 573 3669
107 631 3644
107 774 3981
107 861 458
108 214 1962
108 280 3209
108 357 1257
108 364 261
108 392 57
108 400 138
108 867 3793
109 112 64
109 295 1262
109 326 3911
109 328 1987
109 444 1260
109 696 2920
109 783 641
109 789 1666
109 916 2257
109 942 2927
109 993 4927
110 229 887
110 376 2067
110 531 3132
110 587 846
110 588 3003
110 733 3330
110 822 4790
110 851 1371
110 875 291
110 966 4455
111 237 4340
111 297 125
111 497 2353
111 820 259
111 970 2755
112 269 3969
112 638 2247
112 733 1157
112 837 3755
112 994 795
113 229 2837
113 565 4788
114 137 808
114 168 2767
114 205 4800
114 420 3947
114 468 1703
114 656 2070
114 744 2057
114 840 1910
114 917 2246
114 982 3666
115 236 2934
115 301 2275
115 314 434
115 345 2337
115 906 4918
115 981 1766
116 164 1614
116 208 2002
116 239 975
116 250 1467
116 289 4407
116 360 544
116 405 3006
116 413 3647
116 578 59
116 691 4052
116 692 3101
116 860 1978
116 864 1449
116 890 4191
116 926 108
116 941 4699
117 268 219
117 388 664
117 413 285
117 586 2040
117 723 4310
117 744 948
117 849 2931
117 852 1869
117 920 442
118 206 2793
118 236 1686
118 240 2393
118 381 1331
118 590 1257
118 737 3094
118 883 3142
118 908 3534
118 924 3904
119 125 3455
119 142 4527
119 208 4691
119 241 1343
119 249 3769
119 384 2609
119 639 1558
119 747 710
119 825 1193
119 939 163
119 953 254
120 206 3475
120 236 206
120 322 2616
120 360 4299
120 692 3815
120 777 3986
121 309 1106
121 349 3279
121 353 434
121 518 1800
121 648 1335
121 865 1564
121 873 1678
121 972 4229
122 203 1689
122 265 2756
122 284 879
122 688 2484
122 863 3603
122 892 1841
123 383 1952
123 465 882
123 479 3749
123 523 1421
123 650 793
123 764 291
123 803 2225
123 852 4204
123 897 3040
123 933 3482
123 972 2254
124 146 1734
124 344 2777
124 358 1857
124 480 1927
124 509 2437
124 558 2152
124 853 4624
124 903 2824
124 963 2391
125 215 3457
125 259 415
125 271 581
125 353 2736
125 407 1709
125 535 4504
125 698 1571
125 710 2764
125 801 2985
126 198 1927
126 260 1641
126 672 4266
126 729 3702
126 769 1124
126 798 2311
126 808 4343
126 930 2765
127 192 310
127 274 696
127 371 2669
127 567 1409
127 731 468
127 749 1224
127 975 123
128 167 1423
128 390 2446
128 392 3999
128 677 303
128 827 414
128 989 2432
129 219 4723
129 357 34
129 574 1477
129 737 1369
129 761 4372
129 807 3126
129 812 2249
129 877 3725
129 955 2668
130 145 1914
130 188 3555
130 230 518
130 333 2547
130 365 455
130 566 3814
130 624 3427
130 782 3401
130 916 1802
130 999 2962
131 161 2474
131 444 1456
131 662 49
131 796 244
132 215 2926
132 252 2165
132 256 2533
132 288 3893
132 467 4452
132 629 4855
132 642 2877
132 694 536
132 762 4154
132 784 824
132 956 4701
132 960 3014
133 197 4447
133 377 3398
133 515 1122
133 552 479
133 650 4451
133 718 4099
133 957 3437
134 155 3547
134 204 2894
134 247 553
134 317 2453
134 346 1833
134 622 2030
135 249 1295
135 314 3692
135 347 2907
135 377 180
135 452 120
135 739 2404
136 258 4788
136 321 2191
136 597 4513
136 831 747
136 993 3167
137 461 1930
137 663 3827
137 700 658
137 728 3806
137 740 3074
137 898 478
138 391 4809
138 491 750
138 549 2352
138 654 2053
138 711 3830
138 889 2875
139 161 533
139 224 2216
139 263 4279
139 286 1244
139 569 1901
139 654 3783
139 897 198
139 908 3881
139 980 4596
140 170 2468
140 227 4119
140 260 4613
140 270 411
140 449 1437
140 520 540
140 769 2116
140 780 3764
140 869 4289
140 969 1043
141 444 80
141 515 241
141 731 4305
141 833 1680
141 952 2069
142 216 2909
142 258 4018
142 283 2160
142 398 395
142 470 916
142 677 4222
142 820 4769
142 910 1150
143 318 340
143 324 2877
143 362 3262
143 368 2961
143 404 163
143 812 2279
143 874 2132
143 914 474
143 915 3354
143 936 3434
143 969 4927
144 248 4791
144 598 2275
144 616 1668
144 753 2905
144 813 207
144 977 4033
145 160 1822
145 286 4051
145 339 2221
145 410 3487
145 419 1029
145 464 2253
145 578 72
145 597 2174
145 752 690
145 772 1084
145 814 93
145 909 2666
146 149 750
146 249 2220
146 272 1604
146 282 4919
146 302 3394
146 365 4823
146 513 4221
146 554 148
146 650 4596
146 740 2562
146 843 2847
146 896 4086
146 931 433
147 153 4018
147 192 1768
147 323 511
147 343 2565
147 381 793
147 513 4252
147 609 2987
147 657 3062
147 772 2543
147 892 1451
148 224 2948
148 283 1522
148 411 1392
148 482 3646
148 705 1104
148 809 1196
148 821 1377
148 846 4763
148 925 4316
149 384 1301
149 517 1103
149 565 4993
149 705 2574
150 253 3475
150 408 814
150 497 726
150 618 2160
150 656 741
150 857 778
150 985 439
151 167 2719
151 185 3591
151 203 1885
151 402 1289
151 471 504
151 535 3710
151 703 3825
151 926 1849
152 169 3753
152 247 967
152 325 3924
152 429 4026
152 488 1671
152 591 2628
152 660 32
152 767 1738
152 780 4964
152 829 1544
152 865 4890
153 368 4227
153 411 613
153 528 3110
153 621 645
153 750 3107
153 790 2679
153 978 656
154 264 4592
154 443 2103
154 573 1515
154 592 1062
154 602 279
154 681 2039
154 845 628
154 908 4303
154 918 4422
154 956 770
154 974 4811
155 184 2185
155 233 2656
155 293 3662
155 363 1199
155 387 387
155 395 4742
155 567 4951
155 630 2288
155 729 2869
155 826 4071
155 846 4585
155 977 1548
156 296 3531
156 385 1043
156 677 2114
156 832 308
156 936 3628
157 237 420
157 246 4754
157 393 2263
157 696 4991
157 813 2812
157 814 2446
157 853 4306
157 883 449
157 990 1512
158 172 1247
158 196 4676
158 232 3096
158 278 2941
158 296 3391
158 406 800
158 607 4487
158 787 548
158 807 3972
158 845 2273
159 208 4007
159 235 3614
159 236 1255
159 256 1636
159 294 3575
159 696 3148
159 697 617
159 729 1239
159 795 756
159 873 4639
160 222 4295
160 254 3114
160 296 1587
160 486 1264
160 488 454
160 499 1752
160 555 2230
160 579 4763
160 649 3619
160 662 473
160 719 592
160 802 3019
160 910 1677
160 921 4070
160 940 1637
161 202 902
161 332 821
161 536 2559
161 540 1009
161 639 364
161 801 4944
161 861 4334
161 905 3019
161 924 1229
162 500 4879
162 780 2763
162 811 234
162 879 2460
163 272 2855
163 309 3925
163 508 4044
163 514 4806
163 810 1370
163 914 1482
163 916 4936
163 935 1565
163 949 610
163 972 59
164 292 4280
164 329 527
164 397 2164
164 439 3395
164 540 261
164 627 3606
164 649 359
164 746 1783
164 758 4225
164 791 746
164 909 2609
165 200 928
165 270 548
165 409 4713
165 500 1784
165 602 4180
165 665 1757
165 905 750
165 963 2353
166 279 3999
166 567 3406
166 682 4836
166 850 648
166 852 4021
166 913 4661
166 952 2671
167 178 584
167 301 4805
167 642 489
167 826 2110
167 902 4751
167 947 1712
167 967 1812
167 979 614
168 334 3071
168 617 2030
168 655 2378
168 864 2080
168 978 3315
168 1000 2809
169 186 853
169 194 3504
169 284 1379
169 286 1309
169 421 3461
169 735 2504
169 774 3188
169 856 2315
170 366 3643
170 388 2435
170 678 196
170 826 4907
170 840 2421
170 874 2532
170 961 3048
171 290 464
171 335 3353
171 371 2585
171 458 335
171 561 951
171 651 3913
171 658 905
171 671 338
171 717 2475
171 989 1965
172 246 1420
172 307 4773
172 403 4718
172 404 2703
172 422 2063
172 545 4316
172 566 306
172 601 3460
172 639 1986
172 809 394
172 857 3326
172 934 1307
173 185 2351
173 343 286
173 444 383
173 552 208
173 748 549
173 769 425
173 876 2590
173 892 8
174 244 2533
174 265 2989
174 335 2309
174 473 1272
174 534 1671
174 593 419
174 659 2361
174 759 1431
174 832 1998
174 971 3573
174 998 2115
175 284 3867
175 514 768
175 574 1046
175 765 4934
175 850 2275
175 952 2801
176 475 1499
176 557 600
176 580 4439
176 620 4622
176 781 3646
176 820 4080
177 244 1833
177 290 3849
177 383 2682
177 400 3789
177 446 1226
177 544 1143
177 550 4302
177 580 328
177 599 1671
177 603 141
178 180 3973
178 288 3598
178 355 3769
178 589 3759
178 622 3820
178 749 2549
178 827 2992
178 869 1506
179 206 985
179 207 2330
179 335 4817
179 487 2708
179 612 1118
179 971 2196
180 205 732
180 390 3651
180 398 2085
180 418 4284
180 516 1218
180 561 4090
180 586 626
180 619 1389
180 661 785
180 729 4165
180 998 835
181 694 3852
181 804 1461
181 939 4322
182 295 3999
182 339 3928
182 449 4013
182 502 2458
182 516 4451
182 594 4045
182 639 1579
182 735 1842
182 778 4763
182 838 1521
182 863 1432
182 894 3496
182 962 3080
182 988 1953
183 238 297
183 514 2875
183 620 1669
183 875 2562
184 573 1494
184 630 4318
184 653 1565
184 710 886
184 816 4338
184 864 3209
184 877 97
184 941 2044
185 204 4358
185 262 816
185 368 4487
185 503 1645
185 956 2006
186 199 1948
186 361 2816
186 383 3655
186 393 4093
186 427 2522
186 464 3290
186 659 871
186 818 2620
186 960 3717
187 248 2071
187 323 590
187 337 2304
187 406 1224
187 432 3703
187 436 3627
187 507 2003
187 605 65
187 681 3702
187 701 1704
187 762 3675
187 844 1128
187 979 326
187 997 4628
188 292 629
188 464 1240
188 516 2028
188 531 3104
188 571 2919
188 800 2690
188 950 4746
189 231 147
189 327 1454
189 400 3050
189 415 32
189 547 4181
189 551 1301
189 558 611
189 619 2501
189 683 1030
190 358 4316
190 644 1965
190 674 455
190 692 114
190 776 2166
190 937 1295
190 957 1982
190 961 71
190 968 1074
190 989 475
191 453 2245
191 490 4885
191 662 2173
191 669 4515
191 710 4661
191 712 48
192 205 570
192 417 2719
192 562 3028
192 685 1147
193 244 3800
193 249 1696
193 387 651
193 440 3466
193 527 2497
193 549 1060
193 837 463
193 867 2098
193 904 2103
194 198 3254
194 396 1840
194 462 4464
194 670 1279
194 770 4722
194 887 4050
194 903 4731
194 913 4419
194 937 4003
194 947 3205
194 965 2482
194 989 3308
195 257 1495
195 349 1767
195 448 1996
195 528 4849
195 619 11
195 655 2250
195 739 3148
195 850 396
195 986 3601
196 208 1760
196 211 1935
196 269 2405
196 281 1520
196 444 2536
196 478 3298
196 487 1729
196 626 4941
196 715 2201
196 727 2892
196 874 1148
196 947 4278
196 988 4866
197 313 1348
197 355 4115
197 421 2610
197 509 3068
197 536 3386
197 668 3620
197 713 1779
197 819 2209
198 212 45
198 302 4548
198 314 1541
198 358 487
198 395 3082
198 446 455
198 613 702
198 736 4894
198 853 1161
198 934 2702
198 1000 1240
199 257 3401
199 259 2869
199 525 2787
199 579 973
199 607 1072
199 830 2466
199 860 2718
199 920 845
199 969 3498
199 970 3327
200 260 2056
200 478 4693
200 582 1854
200 622 2024
200 717 4299
200 817 3885
200 853 2358
200 854 1338
200 927 2971
200 956 4512
201 229 601
201 234 4632
201 346 4882
201 353 927
201 388 1595
201 539 4111
201 562 1821
201 629 437
201 689 2825
202 211 3317
202 376 2921
202 466 89
202 532 4456
202 570 658
202 583 1522
202 691 2143
202 805 2491
202 874 4198
202 919 4051
202 963 2509
203 238 4187
203 267 658
203 309 3491
203 745 757
203 915 3966
203 920 2181
204 251 4724
204 256 3731
204 527 4300
204 572 1031
204 637 4138
204 773 644
204 785 633
205 243 2261
205 419 3320
205 489 957
205 535 2520
205 649 1462
205 660 1474
205 800 381
205 940 1822
206 329 3195
206 395 3405
206 433 4460
206 485 2692
206 822 2867
206 933 284
207 215 3360
207 408 3344
207 437 2491
207 455 1291
207 485 2441
207 522 222
207 607 232
207 815 2464
207 886 1019
207 895 3962
208 367 1097
208 563 888
208 692 3413
208 792 566
208 799 760
208 803 1330
208 854 70
208 872 4493
209 254 4530
209 489 2386
209 528 4725
209 539 1760
209 551 653
209 592 515
209 763 2043
210 270 4055
210 317 4662
210 587 186
210 638 797
210 742 1474
210 750 1167
210 817 3780
210 819 2639
210 832 770
211 215 2687
211 440 2537
211 463 1622
211 559 1361
211 663 1080
211 669 2765
211 674 3327
211 706 3811
211 770 3677
211 847 967
211 874 2040
211 994 4686
212 276 1806
212 409 3350
212 432 344
212 458 4993
212 469 4241
212 775 4463
213 273 1909
213 310 2775
213 311 2429
213 532 2875
213 593 74
213 785 4041
213 880 599
213 897 1453
213 934 4442
213 972 3216
214 386 1945
214 411 2888
214 413 518
214 506 46
214 536 1906
214 735 2705
215 372 1648
215 433 4235
215 551 2738
215 566 457
215 768 107
215 773 2474
215 854 1603
215 914 703
216 464 1688
216 589 3262
216 756 2634
216 896 2715
216 992 3439
217 251 3258
217 347 1329
217 494 575
217 735 100
217 793 991
217 899 2578
217 986 3285
218 220 966
218 316 4045
218 518 575
218 590 2084
218 687 475
218 709 1818
218 721 4569
218 759 697
218 916 2195
218 946 4054
218 998 4221
219 239 4
219 384 3833
219 463 3288
219 605 1695
219 821 2297
219 869 4473
219 941 2005
220 245 932
220 526 31
220 615 2761
220 897 2860
220 937 1510
220 961 3177
221 233 3135
221 332 3775
221 367 3142
221 518 1870
221 583 2571
221 661 429
221 723 79
221 768 1824
221 808 3593
221 937 2568
222 225 1075
222 266 2834
222 295 967
222 490 410
223 276 1424
223 300 185
223 468 315
223 588 1352
223 644 1844
223 927 4886
223 996 1362
224 241 2165
224 376 911
224 409 4910
224 426 2591
224 499 2930
224 602 4765
224 927 625
224 940 4331
224 990 4881
225 257 1215
225 537 672
225 549 4525
225 763 2840
225 877 4395
225 961 288
225 965 381
226 291 3481
226 334 3845
226 496 3157
226 523 2105
226 618 2271
226 624 376
226 662 4431
226 737 3148
226 763 4772
226 788 421
226 805 2327
226 837 669
226 891 941
226 951 3209
227 330 1696
227 362 4745
227 483 1885
227 590 3672
227 634 1053
227 637 2014
227 853 3387
227 859 3032
227 894 3462
227 957 4902
228 243 3600
228 299 4458
228 339 2297
228 370 4957
228 478 1690
228 505 3483
228 519 870
228 583 4557
228 623 2646
228 644 2159
228 720 2788
228 777 1695
228 908 4149
229 400 304
229 442 628
229 462 1890
229 542 4040
229 672 3924
229 782 3693
229 810 4790
229 848 400
229 928 241
229 945 4975
230 455 3441
230 480 4662
230 546 3375
230 547 4375
230 810 3418
230 992 4782
231 336 341
231 392 2262
231 419 1558
231 455 2299
231 474 1551
231 747 2321
231 907 1808
231 998 647
232 300 728
232 340 2979
232 439 433
232 573 3806
232 631 2852
232 649 2739
232 759 3750
232 842 3334
232 894 3616
232 931 994
233 280 4067
233 283 4438
233 336 4851
233 354 3433
233 369 1185
233 424 952
233 444 355
233 448 1345
233 520 1962
233 662 4750
233 748 2808
233 791 4461
234 364 4
234 562 4935
234 611 2383
234 792 205
235 291 1681
235 351 3033
235 487 4038
235 645 4773
235 725 4288
235 837 3287
235 864 1578
235 997 2296
236 255 4821
236 359 1063
236 383 2335
236 390 2648
236 400 4342
236 433 3401
236 470 4112
236 545 2836
236 586 2471
236 655 4709
236 669 2121
236 715 1210
236 802 3835
236 830 552
237 511 2689
237 598 4532
237 656 4494
237 826 1471
237 987 4941
238 443 4116
238 542 3469
238 683 3798
238 831 1464
239 422 4771
239 449 2661
239 486 4588
239 524 2442
239 654 1616
239 896 4740
239 900 180
240 244 2483
240 407 3021
240 495 2194
240 550 3718
240 614 2767
240 673 594
240 761 3912
240 861 3862
240 881 1088
240 980 1704
241 288 3898
241 733 447
241 798 2311
241 931 3587
242 333 182
242 404 3697
242 416 3497
242 653 2354
242 714 3184
242 818 903
242 882 2890
242 902 203
243 349 1753
243 362 353
243 585 2086
243 599 4467
243 651 3324
243 663 2872
243 831 3567
243 840 4664
244 337 1169
244 497 1080
244 567 1548
244 576 4770
244 770 1210
244 846 2835
244 849 2592
245 497 3536
245 633 4877
245 667 1561
245 684 2752
245 696 2407
246 463 500
246 502 2682
246 540 3674
246 643 3869
246 790 297
246 845 4397
246 866 3054
246 880 3806
246 903 3302
246 965 1052
247 401 808
247 561 408
247 566 4564
247 580 355
247 583 529
247 763 3132
248 259 4222
248 271 1370
248 415 4598
248 422 3003
248 464 3875
248 602 1826
248 686 1177
249 307 4817
249 547 4024
249 579 2922
249 613 2569
249 749 564
249 918 96
250 336 2869
250 443 471
250 506 4801
250 651 3997
250 709 1894
250 780 1337
250 807 2705
251 265 1056
251 333 4503
251 418 4689
251 443 4114
251 735 3730
251 956 3336
252 735 2750
252 862 4043
252 912 1363
252 916 2043
252 964 1383
253 287 768
253 426 4712
253 504 1792
253 653 1080
253 726 3950
253 933 1515
253 953 1641
253 1000 4862
254 292 4659
254 386 1883
254 541 2196
254 589 1598
254 714 251
254 734 1298
254 765 1959
254 846 913
254 913 3090
255 318 693
255 330 2578
255 603 35
255 811 3052
255 846 635
255 870 2771
255 954 1166
256 381 752
256 457 835
256 458 2314
256 467 2956
256 607 3398
256 638 681
256 657 2600
256 668 4114
256 758 343
257 364 2726
257 495 653
257 609 927
257 698 4888
257 717 1368
257 738 2130
257 760 965
257 777 2579
257 996 3033
258 397 1824
258 721 1370
258 855 182
258 870 3475
258 892 2977
259 388 1744
259 429 4053
259 437 3671
259 467 2859
259 567 68
259 717 57
259 913 185
260 448 813
260 498 1418
260 578 2173
260 663 592
260 674 4381
260 982 2097
261 279 434
261 386 2256
261 461 2986
261 672 4822
261 701 2662
261 765 1510
261 769 937
262 282 4462
262 506 3679
262 508 972
262 629 3081
262 747 55
262 792 4863
262 796 1423
262 954 985
263 301 3944
263 509 4833
263 594 2067
263 646 3338
263 663 4591
263 905 3963
263 927 3096
263 928 3370
263 999 2231
264 510 1253
264 515 3138
264 558 98
264 602 4981
264 650 4935
264 694 3734
264 862 4070
264 888 4319
265 356 1701
265 426 3047
265 431 1891
265 442 3019
265 452 286
265 469 2878
265 472 1835
265 639 3258
265 715 3660
265 758 729
265 813 4528
265 865 3889
265 892 1378
265 988 1380
266 542 132
266 571 1197
266 610 2989
266 657 1026
266 829 998
267 313 3531
267 450 3345
267 494 2575
267 600 842
267 630 337
267 632 3382
267 748 2974
267 922 2019
268 289 1929
268 460 1154
268 476 491
268 801 2445
268 806 688
268 859 1191
268 961 2071
269 293 856
269 327 2426
269 366 1880
269 381 3664
269 449 1757
269 474 819
269 549 892
269 659 2445
269 696 1134
269 963 325
270 633 649
270 643 988
270 759 10
270 787 1069
270 807 1608
270 845 2395
270 946 1116
270 963 4347
271 390 934
271 448 2235
271 458 2505
271 686 4377
271 928 1189
272 275 1179
272 456 3819
272 582 1611
272 592 3793
272 791 826
272 809 2828
272 862 1706
272 935 707
272 972 3933
273 304 720
273 506 76
273 625 2679
273 723 3738
273 789 588
273 889 4946
274 295 398
274 601 927
274 610 2069
274 628 3851
274 733 1679
274 738 3708
274 748 3822
274 866 909
274 870 44
275 504 2505
275 634 748
275 791 1376
275 828 1226
275 933 3721
276 559 2813
276 600 909
276 608 2264
276 855 2372
276 926 2290
277 363 3390
277 380 1355
277 599 3256
277 736 1380
277 748 2123
277 848 3447
277 869 1177
277 878 1398
278 306 4432
278 406 3624
278 445 2104
278 587 2537
278 594 2472
278 705 585
278 807 3603
278 870 3441
278 887 4465
279 309 1559
279 327 2015
279 373 392
279 501 4791
279 542 4377
279 571 1325
279 598 336
279 647 62
279 654 1193
279 727 1547
279 767 2640
279 781 2193
279 862 2261
280 300 3023
280 308 1539
280 340 4450
280 501 2512
280 641 1405
280 657 2179
280 681 2104
280 706 2075
280 843 1169
280 927 447
281 357 4266
281 410 197
281 502 1294
281 596 1413
281 749 2450
281 766 3329
282 493 1956
282 596 33
282 792 191
282 810 1927
282 836 1117
282 913 4532
283 397 4104
283 560 599
283 583 223
283 674 4958
283 831 4239
283 866 2907
283 919 3414
283 960 2048
283 976 306
284 343 2156
284 355 3914
284 448 3464
284 486 2689
284 795 3807
284 833 2668
284 890 3069
284 989 4806
285 370 2909
285 867 4326
285 902 4009
286 312 664
286 591 11
286 632 308
286 695 930
286 759 1483
286 786 96
286 867 578
287 337 3300
287 468 661
287 525 2605
287 551 812
287 693 4376
287 798 1501
287 957 3292
287 968 1146
288 308 2888
288 367 947
288 426 1148
288 449 881
288 483 58
288 517 2447
288 557 1708
288 622 1213
288 655 54
288 817 1564
288 854 3358
289 361 4168
289 373 1867
289 374 91
289 382 916
289 395 3240
289 584 2170
289 746 4683
289 867 2067
289 956 2674
290 321 1214
290 752 3490
290 947 1172
291 363 4800
291 588 2780
291 819 3914
292 310 4288
292 333 4199
292 402 730
292 427 1927
292 581 3275
293 321 4331
293 337 900
293 716 3250
293 870 202
293 934 2386
294 388 3856
294 514 2099
294 540 1271
294 593 2116
294 621 4937
294 626 4007
294 639 3721
294 717 4364
294 760 1
294 850 4599
295 361 659
295 362 247
295 474 1594
295 475 3414
295 685 2060
295 730 3453
295 986 1845
296 434 668
296 499 2807
296 535 3821
296 590 3264
296 678 1844
296 843 1251
296 974 1727
297 367 1092
297 384 2616
297 427 4973
297 479 4952
297 587 1324
297 596 138
297 771 3365
297 892 968
297 987 1287
298 504 725
298 717 2456
298 722 3519
298 797 2754
298 900 388
299 444 2445
299 477 3542
299 551 223
299 602 2595
299 617 712
299 666 3332
299 744 2737
299 818 2774
299 988 1363
300 400 4673
300 521 974
300 564 3690
300 596 913
300 707 2431
300 800 2558
300 835 839
300 881 2496
300 967 3930
300 976 4070
300 992 961
301 322 3350
301 534 2348
301 535 1521
301 639 343
301 841 864
301 897 169
302 306 158
302 309 3077
302 344 2351
302 373 3782
302 610 3571
303 611 325
303 670 2420
303 750 1156
303 832 3885
303 869 4575
303 981 29
304 344 20
304 448 989
304 460 3908
304 650 3066
304 837 1422
305 351 4490
305 524 689
305 575 4971
305 783 1433
305 804 1023
305 863 3096
306 612 894
306 618 1952
306 629 4478
306 720 4372
306 884 3117
306 914 3109
307 361 3433
307 387 1104
307 454 767
307 501 4132
307 516 3816
307 520 701
307 622 1468
307 664 925
307 967 2588
308 355 1208
308 406 2935
308 447 2751
308 495 803
308 518 4875
308 599 1417
308 644 477
308 658 121
308 724 4839
308 765 4628
308 857 496
308 920 1299
309 430 2389
309 525 2946
309 570 4279
309 589 4446
309 665 396
309 763 4899
309 807 4175
310 335 1691
310 336 671
310 452 1175
311 350 3352
311 507 665
311 588 2492
311 850 610
311 851 4637
311 902 788
311 915 3967
311 955 1862
312 540 2481
312 580 2466
312 760 1831
312 903 1201
312 908 811
313 623 3153
313 770 675
313 811 2479
313 820 3397
313 881 3491
313 925 2327
314 575 3297
314 903 1274
314 942 4763
315 432 1249
315 502 4924
315 653 813
315 984 2418
316 752 440
316 761 4702
316 793 1420
316 858 1793
316 860 1601
316 866 1958
316 958 1518
316 962 4479
317 353 3480
317 476 3080
317 523 1439
317 592 2188
317 627 1870
318 390 1338
318 410 1935
318 488 1040
318 647 1013
318 671 1119
318 815 3879
318 852 877
319 358 3496
319 462 1526
319 500 3364
319 522 2709
319 536 4667
319 761 876
319 842 2269
319 892 2463
320 425 169
320 446 2287
320 463 4359
320 698 603
320 901 3596
320 921 1569
321 383 1083
321 718 2812
321 990 4913
322 462 3240
322 553 1114
322 567 1138
322 681 25
322 697 3980
322 776 2324
322 802 973
322 803 4185
322 843 2018
322 860 1193
322 942 2378
323 411 1716
323 593 3122
323 712 384
323 786 2982
323 880 4265
324 463 889
324 722 3070
324 863 3103
324 921 2972
324 927 2652
325 538 1886
325 602 1158
325 729 3057
325 744 3866
326 332 1452
326 344 450
326 645 2702
326 709 2662
326 928 461
327 529 2675
327 587 330
327 620 2479
327 682 1259
327 940 3937
328 351 2823
328 384 2751
328 432 4929
328 477 4565
328 527 4564
328 605 262
328 705 4018
328 785 275
328 832 826
328 944 4168
328 968 3325
328 969 3593
329 472 123
329 523 1679
329 678 1857
329 850 616
329 987 1613
330 565 1231
330 652 657
330 708 3413
330 795 233
331 420 2817
331 511 3905
331 566 2015
331 674 1697
331 694 2736
331 822 3214
331 869 355
331 905 3
331 909 910
331 924 1149
331 988 3030
332 608 137
332 626 3470
332 647 2736
332 796 3227
332 979 4813
333 392 2571
333 629 2466
333 725 872
333 881 2197
333 953 3374
334 433 2429
334 466 2364
334 544 2914
334 688 2231
334 692 23
334 756 4364
334 806 939
334 816 835
334 871 2819
334 901 207
335 352 4986
335 388 2492
335 564 346
335 656 2880
335 739 921
335 890 4551
335 927 2726
335 990 1310
336 363 3150
336 504 362
336 557 2743
336 633 180
336 733 4178
336 740 608
336 795 2523
336 815 3203
336 872 3137
336 910 2527
336 917 1936
336 924 977
336 959 1131
336 984 2904
337 410 1692
337 694 1642
337 756 4695
337 759 3005
337 938 2514
337 978 651
338 414 4954
338 457 1747
338 580 755
338 657 4932
338 764 1009
338 796 2213
338 819 1870
338 867 4728
338 905 489
339 343 246
339 380 2188
339 396 2168
339 425 2300
339 649 2135
339 671 3552
339 696 1587
339 706 3422
339 832 2416
339 959 1530
339 977 2742
340 364 3611
340 476 2034
340 499 1413
340 502 2975
340 547 4753
340 549 4935
340 714 4304
340 804 2720
340 882 3451
340 953 724
341 369 3334
341 415 2168
341 436 1733
341 612 1602
341 673 322
341 792 3199
342 386 560
342 424 3298
342 469 2312
342 563 4715
342 621 3527
342 703 496
342 715 2440
342 717 923
342 821 2850
342 902 2781
342 903 4294
343 377 1068
343 410 487
343 455 639
343 530 2064
343 789 4338
343 796 3073
343 828 2181
343 881 3878
343 990 1167
344 348 2463
344 782 1374
344 867 776
344 877 1400
345 422 2912
345 516 4405
345 549 133
345 552 815
345 679 1961
345 711 177
345 795 1620
345 933 3457
346 464 1951
346 559 1192
346 663 3205
346 672 322
346 972 4389
347 621 2508
347 637 2027
347 934 4872
347 989 4480
348 384 71
348 480 734
348 525 3635
348 830 2361
348 847 215
348 865 348
349 540 2225
349 575 2289
349 614 1668
349 703 3745
349 811 4982
349 967 4676
350 486 3948
350 703 1616
350 796 4058
351 598 3273
351 711 312
351 845 2472
351 977 168
352 357 4834
352 360 3579
352 392 1700
352 449 699
352 554 1207
352 559 3379
352 561 1915
352 672 2814
352 676 3546
352 717 2488
352 804 1750
352 812 2364
352 816 1023
352 820 3056
352 854 2123
352 864 3795
352 908 640
352 962 786
353 367 1399
353 577 1961
353 739 2467
353 770 2175
353 978 4684
354 462 4608
354 479 1917
354 488 434
354 489 155
354 555 1937
354 742 2724
354 768 115
354 822 3281
354 942 1489
354 966 4258
355 477 4110
355 655 210
355 745 77
355 786 3683
355 859 3459
356 409 2390
356 412 1557
356 509 45
356 522 1003
356 540 4613
356 643 1087
356 644 2875
356 769 346
356 906 1506
357 457 399
357 600 1778
357 765 2036
357 850 1440
358 362 4616
358 398 1608
358 626 4718
358 830 2250
358 837 440
358 877 2968
358 899 2842
359 372 310
359 443 3305
359 480 2294
359 512 3618
359 807 1788
359 840 3234
359 918 2851
360 522 3508
360 527 633
360 654 1464
360 696 684
360 834 3438
360 895 4436
360 905 169
360 987 407
361 392 351
361 480 763
361 502 1712
361 833 295
362 507 4824
362 557 369
362 599 4980
362 647 846
362 862 29
362 866 2206
362 937 2624
362 945 699
363 439 987
363 497 4768
363 748 460
363 894 2719
364 478 2517
364 705 2128
364 793 542
364 816 455
364 919 1722
365 532 4812
365 565 438
365 667 2113
365 831 3889
365 976 1523
366 421 4191
366 492 1907
366 660 2870
366 883 4273
366 904 1098
367 438 4141
367 536 145
367 709 203
367 714 2543
367 825 4373
367 937 2755
368 376 647
368 536 709
368 651 1118
368 654 4067
368 876 4026
368 955 4678
369 685 2028
369 831 1894
369 867 116
369 988 4241
369 994 3804
370 481 2388
370 567 1818
370 580 1709
370 924 2878
370 949 2205
371 391 31
371 433 2002
371 486 2317
371 554 4593
371 602 1927
371 612 2199
371 630 4599
371 631 1876
371 720 3715
371 955 2861
372 408 2497
372 440 691
372 543 782
372 582 72
372 681 4158
372 890 1468
372 990 506
373 459 4782
373 461 2569
373 484 786
373 720 2963
373 771 3758
373 779 4862
373 825 4452
373 850 849
373 883 3253
373 961 2339
374 659 1171
374 732 3370
374 749 2696
374 751 2994
374 888 4181
374 951 2182
375 384 4170
375 413 1568
375 597 4348
375 619 1164
375 779 4248
375 832 2926
375 888 3400
375 911 2409
375 939 3892
375 955 4303
375 962 380
376 439 4712
376 584 2203
376 592 544
376 608 3700
376 755 3126
376 760 912
376 806 4007
376 883 4879
376 885 4407
377 570 1197
377 571 1789
377 629 2409
377 645 3710
377 701 1538
377 853 4013
377 888 1623
378 702 3138
378 728 3700
378 742 4003
378 809 1337
378 823 1124
378 908 4171
379 446 2949
379 540 713
379 655 2390
379 711 2239
379 748 4638
379 916 4033
379 925 3664
380 404 865
380 716 326
380 770 2044
380 884 233
380 896 3426
380 951 2843
381 544 3375
381 724 1498
381 906 2195
381 945 2085
381 965 2191
382 452 4099
382 505 1174
382 647 1088
382 759 1889
382 970 4762
383 394 2697
383 400 2492
383 450 2940
383 606 3897
383 868 3697
384 531 4223
384 609 98
384 774 409
384 923 4547
385 451 1989
385 671 1470
385 921 3683
385 947 713
386 507 1150
386 698 4349
386 739 2728
386 785 267
386 816 4857
386 937 730
386 980 3014
387 434 4734
387 552 2514
387 719 4173
387 789 3279
387 868 2986
387 913 1228
387 965 3658
388 403 1860
388 475 906
388 545 652
388 603 959
388 660 1527
388 773 250
388 775 1792
388 897 281
389 562 1100
389 641 4822
389 798 284
389 826 2905
390 445 4098
390 471 1083
390 565 2772
390 763 1567
390 846 2169
390 859 673
391 433 3519
391 563 2258
391 606 2740
391 612 3623
391 629 527
391 890 3634
392 729 3733
392 782 96
392 935 4291
392 966 679
393 468 2486
393 717 2198
393 731 300
393 732 4397
393 785 444
394 727 3251
394 837 68
394 853 385
394 981 587
395 409 617
395 444 845
395 546 223
395 715 3426
395 810 1810
395 842 3934
395 864 155
395 891 2463
395 999 457
396 525 4933
396 736 1740
396 972 3112
397 425 4382
397 487 3847
397 658 3091
397 841 731
397 844 1887
397 889 3324
398 420 2166
398 446 1398
398 507 4675
398 512 4900
398 654 3140
398 762 2088
398 770 762
398 926 4428
399 450 829
399 525 3374
399 653 3872
399 738 3726
399 819 145
399 929 2690
400 483 3528
400 678 1685
400 765 1491
400 792 566
400 805 2875
401 442 1037
401 560 3331
401 589 3365
401 763 1624
401 806 1386
401 942 1526
402 557 4798
403 476 4216
403 693 3636
403 819 1867
403 842 4857
403 906 4207
403 999 3667
404 485 3828
404 499 248
404 555 3970
404 753 3864
404 943 1451
405 410 3731
405 461 4116
405 637 1791
405 670 2058
405 720 4359
405 750 903
405 958 4259
406 479 4543
406 584 4088
406 634 4169
406 682 4261
406 689 1013
406 703 621
406 757 4556
406 759 1557
406 820 806
406 945 561
407 621 2863
407 725 608
407 856 4631
407 931 4856
407 937 222
407 953 1356
408 450 1585
408 501 353
408 542 1318
408 660 430
408 769 1210
408 791 4302
408 798 3024
408 919 4745
409 518 1758
409 625 1007
409 756 689
409 952 814
409 985 3318
410 475 648
410 515 1421
410 648 2580
410 694 1166
410 751 2001
410 776 3673
410 854 2804
410 915 426
410 940 2038
411 504 1640
411 525 2525
411 528 1529
411 627 3790
411 686 1684
411 789 3400
411 954 4453
412 423 4996
412 425 2444
412 628 1714
412 784 2398
413 416 3441
413 583 4153
413 623 2729
413 681 4418
413 698 2783
413 764 1666
413 852 4106
413 861 3130
413 921 1304
414 466 1751
414 575 3083
414 658 3827
414 700 1798
414 791 4037
414 912 758
415 535 3119
415 591 3865
415 632 2861
415 742 192
415 813 1943
415 906 3071
416 419 609
416 430 1171
416 567 2552
416 624 2245
416 674 4425
416 725 1927
416 738 4943
416 746 1982
416 914 1484
416 988 476
417 441 889
417 471 1683
417 504 2827
417 849 1433
417 862 4004
417 927 3395
417 937 1760
417 954 4519
418 469 4826
418 554 4339
418 836 1043
418 910 2653
418 965 3734
419 523 4475
419 639 2335
419 939 2150
420 691 822
420 756 205
420 788 4838
421 466 4204
421 478 2865
421 505 3788
421 704 4493
421 968 4250
422 474 2470
422 484 1195
422 500 4014
422 547 951
422 649 1675
422 741 4531
422 781 4680
422 798 3741
422 804 4604
422 891 4246
422 909 971
422 917 1749
422 951 1714
422 981 1593
423 435 1522
423 469 891
423 670 454
423 885 2574
423 903 4799
424 745 706
424 944 4321
425 452 1765
425 469 4184
425 689 3130
425 839 2574
425 976 383
426 476 3787
426 521 3340
426 639 238
426 708 1815
426 822 3148
426 933 852
427 440 3933
427 522 3076
427 644 2491
427 932 4966
427 989 3933
428 534 2655
428 569 400
428 688 3220
428 796 4225
429 500 4551
429 595 63
429 822 2431
429 864 1369
429 978 1889
430 448 2010
430 531 3075
430 628 3742
430 651 4804
431 637 1356
431 698 1049
431 757 414
431 815 172
432 452 1152
432 636 2653
432 855 1367
432 876 4950
432 899 4114
433 490 4949
433 526 2468
434 690 2065
434 776 1868
434 830 4691
434 940 1375
435 569 3305
435 635 2873
435 653 1266
435 673 18
435 737 1067
435 768 3071
435 810 457
435 861 3927
435 883 4271
435 952 682
436 545 3569
436 596 434
436 625 1290
436 890 905
437 523 2648
437 627 4340
437 724 1466
437 749 925
437 754 4646
437 760 667
437 773 3709
437 781 2381
437 790 1786
437 935 2343
437 952 1577
438 515 3993
438 563 1988
438 639 2218
438 681 2109
438 772 4355
438 816 4837
438 843 1140
438 903 2287
438 964 2382
439 442 1892
439 615 1752
439 625 4475
439 791 2843
439 806 803
439 877 4887
439 952 1237
439 968 3585
440 630 770
440 732 381
440 767 466
440 775 75
440 908 776
440 933 1112
440 955 2351
441 445 1773
441 665 4001
441 725 218
441 766 3674
442 460 4113
442 524 3931
442 548 2567
442 683 1689
442 720 2689
442 749 1256
443 466 4924
443 618 2736
443 638 1978
443 641 1095
444 496 1647
444 510 3383
444 734 2976
444 767 3554
444 769 3191
444 783 4763
444 791 11
444 804 181
444 864 2387
444 875 860
444 942 897
444 957 3926
444 962 3253
444 987 885
445 454 3461
445 492 4979
445 799 2596
445 827 2332
445 859 2669
445 971 2073
446 629 4699
446 662 2555
446 699 3909
446 865 2735
446 904 4217
447 448 3680
447 852 4477
447 915 4980
447 942 1691
448 619 1796
448 862 325
448 885 352
449 498 4336
449 591 1184
449 727 1935
449 839 249
449 948 123
450 491 2314
450 599 3547
450 642 4904
450 956 2217
451 580 1802
451 639 2538
451 973 4395
452 639 1533
452 675 3782
452 682 4965
452 779 4363
452 797 1310
452 838 4418
453 646 722
453 668 1861
453 700 3231
453 701 4971
453 825 4975
453 832 595
453 980 720
453 999 4592
454 510 854
454 560 4953
454 611 1848
454 615 2205
454 617 2267
454 653 1375
454 723 3923
454 880 3745
455 580 4737
455 609 1120
455 644 3524
455 745 1444
455 772 1916
455 850 1762
455 963 2480
455 973 1970
456 470 1134
456 492 4383
456 783 2039
456 799 1985
456 843 3596
456 882 2827
457 620 2132
457 822 471
457 890 1607
457 928 998
458 706 980
458 929 4011
458 943 4863
459 544 2674
459 613 163
459 646 2684
459 688 730
459 745 2479
459 805 2520
459 898 650
459 988 2856
460 574 9
460 906 786
460 939 4847
461 617 3950
461 655 4605
461 686 980
461 889 4640
462 623 913
462 697 1971
462 850 715
463 700 4784
463 846 722
463 958 1291
464 638 2949
464 667 2314
464 783 797
464 946 4014
465 483 4690
465 547 2815
465 548 2681
465 660 2034
465 705 1910
465 710 1854
465 860 3371
465 869 77
465 893 681
465 918 3755
465 969 363
465 991 2449
466 510 2845
466 624 3571
466 690 3889
466 717 781
466 787 2641
466 804 4464
466 807 80
466 830 2752
466 874 3472
466 879 1708
466 993 1052
467 611 804
467 753 4177
467 813 3382
467 821 3012
467 850 1794
467 910 490
467 942 2152
467 972 50
468 547 3790
468 578 2757
468 631 4080
468 795 4069
468 983 3184
469 475 285
469 525 4031
469 566 404
469 727 2654
469 792 530
469 912 3009
469 950 3848
469 976 961
470 629 1373
470 928 2895
470 981 3148
471 527 1597
471 571 109
471 614 536
471 631 3283
471 664 2455
471 683 601
471 874 1465
472 500 915
472 568 3414
472 580 3942
472 583 4563
472 708 4624
472 711 4871
472 734 502
472 745 4879
472 773 2852
472 775 1325
472 825 3187
472 847 732
472 860 2209
473 611 4492
473 732 1402
473 943 2963
474 591 2723
474 738 3619
474 784 4971
474 787 183
474 788 2536
474 893 2556
474 924 707
475 607 2403
475 806 3558
475 835 4221
475 993 3360
476 569 1675
476 658 3266
476 701 4002
476 787 1686
476 919 2967
476 949 4239
476 998 1306
477 727 3120
477 757 2658
477 974 1990
478 502 2481
478 539 3684
478 573 542
478 576 620
478 649 1977
478 718 1096
478 721 1374
478 799 4885
478 806 2932
478 811 3235
478 847 1067
479 514 4854
479 583 588
479 780 1439
479 824 3385
480 597 2482
480 810 2700
480 880 4918
480 960 727
481 534 2147
481 563 4771
481 624 252
481 745 1370
481 749 1784
481 829 3797
481 858 2358
482 499 4133
482 641 878
482 643 1078
482 660 2469
482 783 3969
482 837 1177
482 842 3442
482 996 2270
483 494 968
483 514 662
483 561 105
483 580 3947
483 600 1147
483 704 3708
483 805 2535
483 998 4353
484 594 4859
484 740 3922
484 776 3159
484 797 1820
484 848 1480
485 525 2005
485 682 2079
485 913 2263
485 914 2572
486 531 575
486 545 1502
486 597 4819
486 662 2086
486 667 2730
486 689 935
486 878 1609
486 900 489
487 597 2929
487 673 4810
487 872 4851
487 916 3337
487 930 99
488 579 1746
488 614 1282
488 624 886
488 672 1155
488 701 220
488 938 3029
488 956 1651
488 967 1633
488 971 4151
489 578 4530
489 953 1197
489 965 2073
490 618 316
490 691 4914
490 818 4064
490 892 1526
490 900 3396
491 527 1083
491 726 2727
491 861 4488
491 993 4959
492 596 3180
492 670 625
492 795 1350
492 945 1416
493 661 721
494 599 4713
494 606 799
494 683 3917
494 687 2706
494 709 732
494 745 2418
494 778 4064
495 588 1509
496 576 2427
496 703 2683
496 804 1309
496 942 2322
496 988 3632
497 613 559
497 744 778
497 837 2058
497 967 1161
498 595 3968
498 615 1057
498 956 3382
499 886 4488
499 956 1534
500 731 1206
500 857 718
500 915 2557
501 741 3431
501 891 2211
501 898 2617
501 979 3599
502 525 1807
502 584 2374
502 684 4949
502 978 1838
503 515 3934
503 738 498
503 883 4438
503 897 1125
503 912 2565
503 991 3524
504 528 711
504 795 507
504 887 3873
504 925 4822
504 973 4199
505 520 2095
505 596 4284
505 869 4190
506 517 1086
506 562 1404
506 683 1446
507 746 2027
507 819 907
507 892 4996
507 938 787
508 558 418
508 596 4048
508 620 1442
508 669 3838
508 688 979
508 898 3645
508 906 2073
508 971 3845
509 719 4040
509 839 528
509 843 2547
510 693 2432
510 847 3413
511 543 786
511 578 3208
511 593 588
511 735 808
511 775 4723
511 881 4244
511 966 4464
511 967 3708
511 981 2263
512 589 534
512 690 1876
512 887 2479
512 922 3921
512 924 1955
512 932 2804
512 980 2410
513 514 625
513 585 3229
513 805 304
513 845 1253
513 902 4675
513 954 4057
514 619 1934
514 632 4445
514 853 1853
515 657 2178
515 662 4613
515 781 1710
515 801 4709
516 609 986
516 706 538
516 734 1467
516 783 115
516 805 3828
516 848 1127
516 993 2151
517 617 308
517 641 1073
517 853 3412
517 894 4163
517 914 2574
517 923 1151
517 930 1907
518 572 3441
518 639 4355
518 852 4429
519 588 1754
519 679 684
519 735 4175
519 948 805
520 543 1725
520 775 468
520 803 1246
521 613 3730
521 958 610
522 765 680
522 769 2140
522 891 2017
522 925 843
522 969 325
522 990 1313
523 588 2186
523 767 4001
523 792 2734
523 995 4019
524 548 824
524 701 2254
524 821 3088
524 927 3240
524 988 305
525 556 4441
525 617 142
525 647 538
525 659 722
525 950 739
525 994 2869
526 600 3004
526 693 4736
526 743 1877
526 789 2088
526 895 1972
526 978 785
526 997 4326
527 595 1063
527 603 3644
527 665 2371
527 986 4323
528 530 2987
528 606 3178
528 712 3953
528 888 4179
528 959 341
529 556 4285
529 744 4367
529 823 4512
529 977 667
530 555 4688
530 811 1821
530 831 3288
530 870 1601
530 918 3695
531 559 1259
531 583 3536
531 655 220
531 733 2403
531 771 571
531 785 1974
531 835 4312
532 837 132
532 909 486
532 969 2378
532 987 1349
533 597 4370
533 807 486
533 865 1227
533 887 4954
534 872 1287
534 912 2944
535 616 79
535 642 842
535 663 4353
535 748 1926
535 995 3320
536 904 4814
536 909 1729
537 636 3994
537 644 1006
537 898 2829
538 652 2540
538 697 2255
538 750 3371
538 813 1462
539 823 4776
539 842 105
539 963 1909
540 561 4142
540 587 826
540 665 2007
540 684 966
540 708 2429
541 630 2812
541 647 4685
541 689 2657
541 915 64
541 958 1937
541 975 1519
542 598 2621
542 674 4351
542 686 1773
542 704 3667
542 737 21
542 833 4413
542 865 3626
542 920 3416
542 931 2180
542 952 4859
543 635 4638
543 639 2061
543 756 4450
543 846 3677
543 921 280
544 639 4876
544 713 2499
544 932 1747
545 741 3401
545 799 1995
546 696 158
546 947 1755
547 579 1462
547 588 2762
547 702 4787
547 896 3476
547 995 1087
548 756 2455
549 750 4529
549 751 2111
549 824 3445
549 866 1532
549 897 3276
550 701 1643
550 727 1586
550 826 4724
550 864 3045
551 561 1751
551 624 1018
551 672 851
551 737 2803
551 882 908
552 555 2920
552 608 2110
552 673 4759
552 708 377
552 792 82
552 868 782
552 974 1561
553 608 3690
553 712 432
553 825 1312
553 851 1547
554 557 2970
554 694 3212
554 740 2062
554 758 4266
554 801 3985
555 580 4275
555 603 3399
555 637 4839
555 669 679
555 678 3423
555 688 4624
555 737 3366
555 903 84
555 948 991
556 580 1893
556 765 688
556 971 3612
557 590 4229
557 728 489
557 952 3786
558 846 2764
558 889 4103
559 718 1063
559 797 2809
559 799 233
559 890 4112
559 893 4866
559 919 3382
559 925 1730
560 660 4161
560 965 4751
561 577 1929
561 672 2778
561 901 37
562 749 882
562 827 3000
562 866 729
562 880 616
562 920 21
563 591 922
563 716 304
564 565 3443
564 843 393
565 574 3579
565 602 1298
565 610 3768
565 763 1923
565 817 2990
565 839 3243
565 895 680
565 947 4483
566 613 3477
566 716 2484
566 765 2662
566 829 1800
566 912 3702
567 572 1766
567 721 438
567 758 3223
567 804 1378
567 919 140
569 647 4100
569 718 587
569 892 4883
569 907 2022
569 958 1684
570 761 11
570 878 4740
571 608 224
571 648 3002
571 693 4970
571 740 825
572 707 1354
572 914 534
572 972 2688
573 611 1328
573 697 3371
573 799 2349
573 818 2253
573 902 3483
573 911 509
573 954 4228
573 964 275
574 770 923
574 987 2715
575 642 3507
575 792 675
575 828 3784
575 869 249
575 929 1805
575 962 366
575 976 540
576 730 1323
576 785 2248
576 904 3288
577 820 2678
577 859 3866
577 911 1641
578 651 1023
578 773 3025
578 821 1733
579 678 2464
579 690 2526
579 943 1801
580 647 2441
580 995 2070
581 591 1756
581 625 2241
582 619 257
582 661 3592
582 671 2137
582 801 4640
582 843 3367
583 683 592
583 750 1809
583 916 1564
584 946 275
585 673 554
585 686 2569
585 743 4394
585 805 3094
585 910 1129
585 931 3569
586 829 2658
586 903 911
586 914 4679
587 749 3234
587 898 4564
587 993 2710
588 707 626
588 733 1369
588 841 2246
588 845 3992
588 846 3528
588 899 831
589 739 2648
589 835 313
589 973 823
590 600 409
590 619 247
590 637 4645
590 670 4583
590 897 2274
590 944 1639
591 645 571
591 691 2823
591 702 4908
591 813 2403
591 926 1154
591 975 3045
592 692 804
592 746 694
592 817 3010
592 916 4051
593 656 2704
594 678 4557
594 690 2460
594 949 2653
595 725 2471
595 758 3263
595 774 1795
595 996 487
596 897 2861
596 977 1105
597 613 1204
598 650 2977
598 668 2318
598 829 1737
598 849 3330
598 864 2337
598 993 3535
599 649 1824
599 705 2576
599 827 4178
599 875 1928
600 602 465
600 691 2171
600 786 1130
601 917 2345
601 952 386
601 964 3265
602 750 3832
602 805 1521
602 821 1024
602 849 1805
602 925 802
602 951 2944
603 616 4504
603 671 3463
603 806 939
603 962 2615
604 671 4212
604 737 465
604 877 1336
605 626 4002
605 630 4112
605 718 2602
605 990 3057
606 673 4860
606 886 3304
606 908 1953
607 699 4507
607 726 468
607 730 4934
607 837 2504
607 845 1069
608 694 3511
608 865 3137
608 918 3530
608 941 1046
609 678 3750
609 820 3980
609 894 3485
609 899 4392
609 961 4117
610 635 4002
610 674 3482
610 734 2991
611 652 2352
611 845 3566
611 927 4903
611 967 141
612 613 3145
612 738 1398
613 782 2457
613 859 590
613 930 3100
613 970 911
614 863 164
615 697 4054
615 883 2426
615 916 2921
615 947 973
615 986 4848
616 734 527
616 738 3709
616 917 2532
616 920 1484
617 949 2934
617 992 1692
617 1000 2454
618 639 4641
618 655 94
618 667 1427
618 708 2926
618 727 1052
618 737 2427
619 712 4690
619 815 1338
620 758 2271
621 946 2210
622 676 4401
622 962 4024
622 977 3897
623 716 2945
624 640 2123
625 634 4362
625 650 2389
625 677 4974
625 768 3840
625 850 906
626 820 4169
626 827 812
626 837 2338
626 971 4452
626 986 4400
627 704 2686
627 745 4640
627 812 1679
627 860 4770
627 942 1893
628 661 169
628 860 734
628 953 2558
629 632 1520
629 724 4941
629 781 11
630 647 2145
630 741 2069
630 839 918
631 739 1236
631 752 557
631 792 1587
631 907 2711
632 639 4609
632 898 3904
632 947 4370
632 985 4305
633 701 1439
633 736 1813
633 891 945
634 669 4111
634 702 1350
634 734 2275
634 873 1221
635 647 3900
635 897 1976
635 986 1947
635 987 2201
636 638 2213
637 680 2806
637 882 2339
637 886 429
638 838 2687
638 902 1878
638 955 2273
639 721 4369
639 806 329
639 830 3541
639 870 2130
639 935 3228
640 883 4858
641 911 1794
641 928 578
642 838 4657
642 883 4673
642 968 503
643 660 3163
643 722 1933
643 851 1379
643 871 205
643 942 2969
644 837 4053
644 920 4084
644 997 580
645 651 4014
645 712 369
645 765 2089
645 770 3443
645 800 1669
645 855 2715
645 862 4200
645 879 3101
645 892 4936
646 704 1696
646 796 895
646 810 382
646 945 3674
647 826 3812
647 831 744
648 665 2312
648 776 3532
648 912 179
648 973 4878
649 658 2010
649 803 2299
649 945 10
650 748 3304
650 785 1030
650 840 2509
651 682 1331
651 700 725
651 772 4408
651 798 2689
651 863 533
651 964 4226
652 831 4692
652 909 3703
653 761 4205
653 901 1444
654 655 1856
654 684 2360
654 984 831
655 709 4549
655 872 629
655 877 562
655 988 2985
656 710 3986
656 728 4960
656 747 3938
656 897 1851
656 932 4784
656 935 319
657 738 734
657 798 2469
658 814 271
658 838 1667
658 851 2915
658 861 779
658 994 2481
659 687 1710
659 698 1325
659 770 4855
660 931 1939
661 662 2808
661 716 1781
661 820 4207
662 736 2658
662 835 1820
662 925 4128
662 938 215
662 954 2130
663 926 1118
664 892 3235
665 860 369
666 688 4403
666 728 2966
666 792 356
666 908 3556
666 914 1000
666 941 4927
666 961 3391
667 847 2405
667 858 1898
667 886 3587
667 901 2518
667 923 812
667 964 1495
668 694 2096
668 758 225
668 781 3924
668 811 1175
668 889 2753
669 756 34
669 909 2773
669 938 925
669 939 4005
670 780 4106
670 985 3459
671 736 2816
671 740 1583
671 782 1917
671 858 2315
671 918 1545
672 945 2640
673 820 720
673 853 4970
673 936 4751
673 966 3851
674 813 3046
674 840 2693
675 738 1749
675 892 1874
675 923 2623
675 977 3191
676 690 832
676 701 1944
676 711 4484
677 709 4748
677 846 488
677 965 4449
677 966 634
678 862 3670
678 957 449
678 995 1752
679 690 1934
679 774 4863
679 867 3538
680 691 286
681 757 3200
681 802 640
681 875 4840
682 693 2091
682 785 922
682 825 411
682 883 1993
682 896 1712
682 899 3521
682 917 2268
683 724 2936
683 831 949
683 847 3950
683 860 4354
683 918 4200
683 924 4081
684 848 1105
685 706 3224
685 711 441
685 859 2003
685 941 2903
685 997 337
686 985 940
686 992 3476
687 931 819
687 972 4017
688 865 305
690 756 2575
690 792 4307
690 832 1102
690 912 4646
691 784 1647
691 801 3819
691 820 914
692 750 1127
692 777 4355
692 803 4505
692 934 4156
693 694 3529
693 844 1493
693 846 4755
694 748 4169
694 959 756
695 764 798
695 803 1605
695 932 2437
696 726 4253
696 908 2243
696 943 960
696 984 1025
697 948 522
698 825 4683
698 914 2904
699 742 1522
699 747 113
699 769 3410
699 819 1085
700 759 2022
700 937 778
700 969 1719
701 765 164
702 711 2294
702 746 3215
702 825 2
702 893 1423
703 783 2225
703 863 4693
703 948 3097
704 795 1969
704 936 480
704 998 1282
705 938 205
705 977 3547
706 851 835
706 901 3239
706 955 4494
707 856 381
707 945 2129
708 902 1450
708 909 2810
708 934 808
708 951 3720
708 959 829
709 722 1840
710 753 1867
710 964 2592
711 722 3110
711 757 1333
711 781 330
711 826 634
711 829 2755
711 916 2353
711 917 179
711 965 2151
711 971 4086
711 988 2456
711 990 1841
712 786 955
712 801 4255
712 960 1269
713 742 2304
713 782 161
714 841 907
714 851 4282
714 897 1012
715 734 4327
715 941 3516
715 968 1939
717 857 4821
717 914 2297
717 957 445
718 936 4222
718 991 566
719 802 4171
719 887 4724
719 922 2525
720 733 3749
720 835 2324
720 861 1150
720 988 1487
721 840 4678
721 877 548
721 936 3099
722 835 1298
722 996 4762
723 918 1725
723 996 4519
724 729 3912
724 752 661
724 846 2714
724 887 3337
725 772 2822
725 919 179
726 762 4085
726 775 1098
726 874 3142
726 918 276
728 886 2701
729 742 2239
729 762 727
729 821 1601
729 975 843
730 734 1919
730 767 4562
730 824 1961
730 866 175
730 953 2287
730 986 334
731 802 985
731 844 2665
732 736 515
732 790 2815
732 988 1525
734 823 4721
734 862 4812
734 875 98
735 961 3430
735 989 973
736 743 909
736 809 3908
737 758 4803
737 940 2090
738 803 779
738 888 4811
738 903 3680
738 989 2878
739 763 1505
739 944 1121
739 977 629
740 746 3435
740 778 2057
740 806 3323
740 852 1141
740 973 3169
741 777 4879
741 921 2980
741 965 2490
742 789 34
742 957 1729
743 751 772
743 880 3936
743 910 2367
743 951 2024
744 825 437
744 867 4374
745 789 4554
745 887 780
745 908 3623
745 993 3779
746 783 1904
746 796 2295
746 803 944
746 856 2908
747 757 3824
747 811 1390
748 754 3768
748 805 3504
748 910 4175
748 945 1598
749 772 3678
749 783 205
749 843 2089
749 981 1869
751 799 819
751 979 3571
752 841 3179
753 884 3568
753 907 4045
753 936 3785
753 958 2892
755 808 2613
755 930 661
755 951 2165
755 955 2679
756 765 3650
756 792 597
756 808 3505
756 973 2000
756 989 4921
757 802 571
758 773 2512
758 831 1664
758 836 2791
758 902 1162
758 931 4756
758 975 2092
759 835 539
759 884 1665
759 895 143
759 909 816
760 766 338
760 845 1664
760 949 4274
760 971 3218
761 978 932
762 841 4840
763 784 4828
763 990 390
764 957 2437
765 848 1972
765 933 2104
766 870 4000
766 905 572
766 978 3794
767 884 2103
769 823 515
769 840 1211
769 841 2992
769 924 3755
770 910 2484
771 805 3105
771 842 4
771 950 4286
772 797 1429
772 851 2451
772 984 1829
774 868 744
774 926 988
774 935 2301
774 997 4007
775 788 1844
775 858 4775
775 859 2907
775 940 2569
776 793 4361
776 857 3550
776 861 3265
776 899 4688
776 974 1063
776 988 772
776 991 4609
777 858 901
777 927 3948
779 928 1245
780 816 716
780 827 4020
780 875 1546
780 954 4230
781 864 2728
781 963 1180
782 826 2570
782 935 609
782 994 52
782 1000 1424
783 868 3020
783 1000 2855
784 792 3180
784 891 1590
784 978 16
785 801 549
785 817 108
785 982 1595
786 860 3217
786 1000 4751
788 824 1556
788 927 1370
788 980 104
789 820 2148
789 879 1246
789 918 2096
790 828 4099
790 924 2754
790 968 4380
791 808 2723
791 920 2088
791 965 2064
791 990 1237
793 799 4287
793 877 3038
793 888 4618
794 798 3577
794 891 1168
794 982 1038
796 877 4636
796 892 23
797 814 4304
798 862 2087
798 863 2922
798 879 1876
798 926 4711
798 979 1733
800 857 1619
800 883 4964
800 912 3412
800 929 4360
800 954 1442
800 991 4824
801 911 1568
802 852 2760
802 904 2796
802 963 3685
803 822 816
803 842 2220
803 908 2904
803 973 1902
804 939 3264
805 916 184
805 997 1177
806 807 1935
806 883 3911
808 849 1348
808 870 2772
809 834 4277
809 851 2411
809 969 4911
811 866 937
811 906 907
811 979 1658
812 868 4884
812 880 596
812 910 3333
812 983 558
812 998 520
813 989 1607
815 864 2595
815 871 4320
815 930 3786
816 893 2256
816 914 3507
818 857 4438
818 904 4473
818 970 2554
818 981 2082
819 984 2615
820 868 2176
820 987 1293
821 889 2009
822 824 543
822 916 4718
823 902 1673
823 924 2918
823 979 802
824 843 4358
824 884 580
824 977 2778
824 993 2065
825 827 1733
825 910 3727
825 967 219
826 830 449
826 900 496
826 925 338
826 949 4493
826 983 465
827 873 1910
827 986 513
828 923 625
828 948 256
828 982 1593
829 953 2360
830 973 1982
831 839 338
831 933 1018
832 862 2600
833 885 4657
833 954 2218
833 964 3793
834 913 4343
835 871 4985
835 897 64
836 845 2761
836 887 4838
837 859 3468
837 890 3470
837 943 4820
837 958 243
838 872 4903
838 960 3617
838 970 1567
839 908 1816
839 937 1975
839 982 1938
839 990 3110
840 968 965
841 992 4577
843 846 23
843 897 4658
843 993 1335
843 995 398
843 999 1344
845 848 1010
845 851 881
845 942 2113
846 863 1617
847 858 766
847 935 4776
847 968 3253
848 926 2682
848 977 1813
848 989 1105
849 886 4500
849 938 110
849 991 1914
850 861 4094
850 870 21
850 957 1358
851 874 4741
851 936 1180
851 965 798
852 966 2961
852 973 345
854 897 2337
854 948 1173
854 965 2962
855 982 2926
856 910 2053
857 932 906
857 985 1294
859 906 3576
859 949 2512
860 953 1230
862 867 1455
863 948 1969
863 982 3290
864 866 4475
864 926 597
864 944 296
865 895 1724
865 922 830
866 890 3
868 972 1371
870 917 1629
870 921 1641
873 996 1602
874 917 1540
874 938 1152
875 935 1441
876 904 2886
876 940 1943
876 941 494
877 995 708
879 884 3600
882 920 2660
882 956 2582
884 889 2387
884 899 3652
884 984 3600
885 896 3077
885 908 2574
886 957 4275
886 986 1220
889 964 329
890 918 247
890 971 4758
890 1000 3353
891 973 323
893 903 1873
893 980 1319
896 973 527
899 967 2118
900 913 3556
901 915 1828
902 916 4517
904 919 1245
904 969 2031
905 912 2373
906 908 2625
907 935 3595
909 973 1433
911 938 1968
911 942 4528
911 991 957
911 993 2779
912 981 4793
915 944 3012
918 937 2720
918 946 3874
920 937 354
920 990 2527
920 993 4464
922 977 3035
923 928 2742
923 949 2724
924 986 4662
924 999 2244
925 934 4107
928 964 3210
930 943 3717
931 946 3569
932 965 1539
933 994 931
934 989 4759
935 966 1573
938 973 4126
938 997 938
943 951 1585
944 970 4709
945 969 1474
946 988 2516
947 950 4033
951 952 3904
951 986 4402
952 956 1253
954 959 2896
956 986 1403
958 961 3831
965 980 3153
977 985 1665
989 993 3625